     Gender  Married  LoanAmount  ApplicantIncome  Credit_History
1       0.0      1.0       128.0             4583             1.0
2       0.0      1.0        66.0             3000             1.0
3       0.0      1.0       120.0             2583             1.0
4       0.0      0.0       141.0             6000             1.0
5       0.0      1.0       267.0             5417             1.0
..      ...      ...         ...              ...             ...
609     1.0      0.0        71.0             2900             1.0
610     0.0      1.0        40.0             4106             1.0
611     0.0      1.0       253.0             8072             1.0
612     0.0      1.0       187.0             7583             1.0
613     1.0      0.0       133.0             4583             0.0

[480 rows x 5 columns]